2023-01-01T13:55:30.850Z 686 627 3229 2715 4029
2023-01-01T13:56:30.868Z 685 627 3229 2716 4029
2023-01-01T13:57:30.930Z 685 628 3229 2716 4029
2023-01-01T13:58:30.986Z 685 628 3228 2716 4029
2023-01-01T13:59:31.049Z 685 627 3229 2716 4029
2023-01-01T14:00:31.107Z 686 627 3229 2716 4029
2023-01-01T14:01:31.168Z 685 627 3229 2716 4029
2023-01-01T14:02:31.229Z 685 627 3229 2716 4029
2023-01-01T14:03:31.289Z 685 627 3229 2716 4029
2023-01-01T14:04:31.349Z 685 628 3229 2716 4029
2023-01-01T14:05:31.410Z 690 623 3234 2716 4029
2023-01-01T14:06:31.468Z 690 623 3234 2716 4029
2023-01-01T14:07:31.531Z 690 623 3234 2716 4029
2023-01-01T14:08:31.592Z 690 623 3234 2716 4029
2023-01-01T14:09:31.651Z 690 623 3234 2716 4029
2023-01-01T14:10:31.711Z 690 622 3234 2716 4029
2023-01-01T14:11:31.771Z 691 622 3235 2716 4029
2023-01-01T14:12:31.830Z 691 622 3235 2716 4029
2023-01-01T14:13:31.891Z 692 621 3235 2716 4029
2023-01-01T14:14:31.951Z 691 621 3235 2716 4029
2023-01-01T14:15:31.963Z 691 622 3235 2716 4029
2023-01-01T14:16:31.972Z 691 621 3235 2716 4029
2023-01-01T14:17:32.019Z 691 621 3235 2716 4029
2023-01-01T14:18:32.083Z 691 622 3235 2716 4029
2023-01-01T14:19:32.142Z 691 622 3235 2716 4029
2023-01-01T14:20:32.207Z 691 622 3235 2716 4029
2023-01-01T14:21:32.262Z 691 622 3235 2716 4029
2023-01-01T14:22:32.325Z 691 621 3235 2716 4029
2023-01-01T14:23:32.359Z 691 621 3235 2716 4029
2023-01-01T14:24:32.423Z 691 621 3235 2716 4029
2023-01-01T14:25:32.477Z 692 620 3236 2716 4029
2023-01-01T14:26:32.542Z 692 621 3236 2716 4029
2023-01-01T14:27:32.600Z 692 621 3236 2716 4029
